>NNVVCAGCTGBN	Ascl1(bHLH)/NeuralTubes-Ascl1-ChIP-Seq(GSE55840)/Homer	6.242935	-4544.043590	0	T:3338.0(83.39%),B:6133.7(15.48%),P:1e-1973	Tpos:51.9,Tstd:24.2,Bpos:50.0,Bstd:38.7,StrandBias:-0.0,Multiplicity:1.14
0.259	0.228	0.272	0.241
0.218	0.270	0.250	0.263
0.288	0.318	0.337	0.057
0.271	0.315	0.324	0.089
0.078	0.848	0.059	0.015
0.847	0.001	0.001	0.151
0.062	0.085	0.690	0.163
0.233	0.495	0.238	0.034
0.101	0.066	0.063	0.770
0.002	0.001	0.918	0.079
0.079	0.365	0.284	0.272
0.200	0.277	0.202	0.322
