>NRRTGACGTCAT	Atf2(bZIP)/3T3L1-Atf2-ChIP-Seq(GSE56872)/Homer	7.098521	-1842.914275	0	T:1501.0(14.40%),B:710.6(1.88%),P:1e-800	Tpos:51.2,Tstd:22.9,Bpos:51.4,Bstd:34.9,StrandBias:-0.0,Multiplicity:1.08
0.209	0.287	0.276	0.228
0.239	0.195	0.379	0.188
0.429	0.226	0.283	0.062
0.047	0.025	0.020	0.908
0.016	0.028	0.825	0.131
0.750	0.026	0.105	0.119
0.057	0.569	0.177	0.197
0.206	0.144	0.580	0.070
0.095	0.105	0.044	0.756
0.132	0.798	0.042	0.028
0.890	0.025	0.029	0.056
0.073	0.280	0.215	0.432
