>CNNBRGCGCCCCCTGSTGGC	BORIS(Zf)/K562-CTCFL-ChIP-Seq(GSE32465)/Homer	9.032880	-28414.037074	0	T:12097.0(39.79%),B:538.5(1.81%),P:1e-12339	Tpos:50.2,Tstd:15.4,Bpos:51.2,Bstd:24.7,StrandBias:0.0,Multiplicity:1.02
0.173	0.416	0.246	0.165
0.226	0.275	0.229	0.270
0.288	0.299	0.259	0.154
0.105	0.320	0.268	0.307
0.334	0.114	0.416	0.136
0.060	0.326	0.554	0.060
0.052	0.562	0.052	0.334
0.037	0.005	0.827	0.131
0.023	0.960	0.013	0.004
0.001	0.997	0.001	0.001
0.245	0.670	0.027	0.058
0.001	0.689	0.001	0.309
0.001	0.997	0.001	0.001
0.050	0.043	0.017	0.890
0.253	0.073	0.525	0.149
0.004	0.418	0.546	0.032
0.172	0.150	0.055	0.623
0.001	0.001	0.997	0.001
0.019	0.063	0.865	0.053
0.192	0.432	0.150	0.226
