>NTNATGCAAYMNNHTGMAAY	CEBP:CEBP(bZIP)/MEF-Chop-ChIP-Seq(GSE35681)/Homer	9.053532	-2081.960241	0	T:781.0(23.58%),B:308.8(0.71%),P:1e-904	Tpos:50.4,Tstd:19.8,Bpos:55.8,Bstd:32.5,StrandBias:0.2,Multiplicity:1.04
0.319	0.276	0.211	0.195
0.219	0.189	0.157	0.435
0.281	0.178	0.246	0.295
0.408	0.184	0.195	0.214
0.108	0.046	0.146	0.700
0.001	0.001	0.967	0.031
0.202	0.673	0.001	0.124
0.997	0.001	0.001	0.001
0.967	0.001	0.031	0.001
0.011	0.327	0.186	0.476
0.381	0.362	0.119	0.138
0.216	0.232	0.308	0.243
0.268	0.232	0.268	0.232
0.359	0.227	0.192	0.222
0.262	0.016	0.124	0.598
0.001	0.002	0.995	0.002
0.362	0.462	0.008	0.168
0.973	0.021	0.005	0.001
0.983	0.001	0.001	0.015
0.078	0.295	0.189	0.438
