>YDGHTACAWTGTADC	DMRT6(DM)/Testis-DMRT6-ChIP-Seq(GSE60440)/Homer	7.818314	-10650.296168	0	T:3873.0(34.48%),B:371.8(1.01%),P:1e-4625
0.208	0.219	0.205	0.367
0.307	0.056	0.261	0.376
0.087	0.044	0.778	0.091
0.372	0.284	0.044	0.300
0.286	0.132	0.051	0.531
0.957	0.001	0.002	0.040
0.033	0.867	0.047	0.053
0.689	0.036	0.008	0.267
0.390	0.109	0.100	0.401
0.270	0.004	0.031	0.695
0.039	0.049	0.882	0.030
0.040	0.003	0.001	0.956
0.502	0.054	0.119	0.325
0.272	0.054	0.292	0.382
0.084	0.748	0.053	0.115
