>RGGTCADNNAGAGGTCAV	RAR:RXR(NR),DR5/ES-RAR-ChIP-Seq(GSE56893)/Homer	11.193397	-1186.419162	0	T:330.0(11.71%),B:58.3(0.13%),P:1e-515	Tpos:49.7,Tstd:20.8,Bpos:53.3,Bstd:33.5,StrandBias:-0.3,Multiplicity:1.04
0.509	0.001	0.489	0.001
0.019	0.001	0.961	0.019
0.001	0.001	0.803	0.195
0.001	0.058	0.117	0.824
0.001	0.823	0.137	0.039
0.921	0.001	0.039	0.039
0.216	0.157	0.353	0.274
0.235	0.255	0.313	0.196
0.196	0.314	0.274	0.216
0.412	0.196	0.157	0.235
0.236	0.255	0.431	0.078
0.744	0.001	0.254	0.001
0.038	0.001	0.960	0.001
0.001	0.001	0.764	0.234
0.079	0.117	0.177	0.627
0.001	0.882	0.116	0.001
0.997	0.001	0.001	0.001
0.216	0.352	0.295	0.137
