>AAGGTCACNGTGACC	ERE(NR),IR3/MCF7-ERa-ChIP-Seq(Unpublished)/Homer	7.666577	-1.551930e+04	0	29999.0,13064.0,9699.8,9266.0,0.00e+00
0.353	0.257	0.221	0.168
0.664	0.016	0.268	0.052
0.060	0.001	0.801	0.138
0.028	0.004	0.950	0.018
0.057	0.033	0.154	0.755
0.001	0.928	0.031	0.040
0.934	0.007	0.026	0.033
0.144	0.421	0.262	0.173
0.219	0.308	0.251	0.222
0.166	0.283	0.387	0.164
0.037	0.015	0.007	0.941
0.042	0.024	0.933	0.001
0.729	0.164	0.038	0.069
0.022	0.934	0.005	0.040
0.158	0.763	0.001	0.078
