>NNNVCTGWGYAAACASN	Fox:Ebox(Forkhead,bHLH)/Panc1-Foxa2-ChIP-Seq(GSE47459)/Homer	7.010591	-1117.461550	0	T:1311.0(24.90%),B:2133.4(5.29%),P:1e-485	Tpos:49.2,Tstd:23.5,Bpos:51.4,Bstd:36.0,StrandBias:-0.0,Multiplicity:1.08
0.228	0.275	0.269	0.229
0.269	0.205	0.263	0.262
0.225	0.248	0.299	0.229
0.233	0.319	0.323	0.125
0.099	0.617	0.113	0.171
0.360	0.001	0.001	0.638
0.273	0.128	0.571	0.028
0.387	0.001	0.135	0.476
0.097	0.001	0.814	0.088
0.001	0.437	0.016	0.546
0.827	0.156	0.005	0.012
0.706	0.282	0.001	0.011
0.995	0.001	0.001	0.003
0.001	0.843	0.001	0.155
0.997	0.001	0.001	0.001
0.184	0.296	0.351	0.169
0.306	0.205	0.261	0.227
