>AGGTCANTGACCTN	FXR(NR),IR1/Liver-FXR-ChIP-Seq(Chong_et_al.)/Homer	6.873163	-1.228492e+03	0	50000.9,897.0,1067.4,538.0,0.00e+00
0.531	0.067	0.360	0.041
0.064	0.001	0.862	0.073
0.025	0.013	0.835	0.127
0.060	0.151	0.167	0.622
0.005	0.860	0.079	0.057
0.906	0.028	0.041	0.024
0.262	0.223	0.260	0.255
0.027	0.066	0.035	0.872
0.054	0.076	0.863	0.008
0.621	0.160	0.152	0.066
0.128	0.836	0.013	0.023
0.053	0.890	0.001	0.056
0.053	0.338	0.072	0.537
0.138	0.347	0.250	0.265
