>AGATSTNDNNDSAGATAASN	GATA3(Zf),DR8/iTreg-Gata3-ChIP-Seq(GSE20898)/Homer	9.250016	-436.379904	0	T:290.0(4.24%),B:160.2(0.39%),P:1e-189	Tpos:98.4,Tstd:34.7,Bpos:99.7,Bstd:58.5,StrandBias:0.2,Multiplicity:1.01
0.778	0.001	0.001	0.220
0.001	0.001	0.997	0.001
0.997	0.001	0.001	0.001
0.001	0.001	0.001	0.997
0.001	0.347	0.419	0.233
0.186	0.108	0.269	0.438
0.240	0.305	0.245	0.210
0.342	0.126	0.257	0.275
0.336	0.203	0.270	0.191
0.311	0.312	0.179	0.198
0.312	0.125	0.287	0.276
0.054	0.502	0.420	0.024
0.683	0.001	0.001	0.315
0.001	0.001	0.997	0.001
0.997	0.001	0.001	0.001
0.001	0.001	0.001	0.997
0.689	0.001	0.077	0.233
0.498	0.024	0.334	0.143
0.174	0.299	0.341	0.186
0.330	0.221	0.209	0.239
