>NNNNNBAGATAWYATCTVHN	GATA(Zf),IR3/iTreg-Gata3-ChIP-Seq(GSE20898)/Homer	8.212313	-725.789950	0	T:607.0(8.87%),B:480.8(1.18%),P:1e-315	Tpos:101.3,Tstd:39.9,Bpos:100.4,Bstd:63.0,StrandBias:0.0,Multiplicity:1.03
0.296	0.200	0.290	0.213
0.290	0.191	0.277	0.242
0.258	0.208	0.296	0.238
0.305	0.221	0.255	0.219
0.294	0.167	0.266	0.273
0.167	0.337	0.307	0.189
0.593	0.001	0.001	0.405
0.001	0.001	0.997	0.001
0.997	0.001	0.001	0.001
0.001	0.001	0.001	0.997
0.423	0.168	0.236	0.172
0.391	0.001	0.213	0.395
0.168	0.257	0.183	0.392
0.997	0.001	0.001	0.001
0.001	0.001	0.001	0.997
0.001	0.997	0.001	0.001
0.413	0.001	0.001	0.585
0.197	0.298	0.334	0.172
0.302	0.290	0.127	0.281
0.253	0.245	0.212	0.290
