>CGGCTGCNGNNNNCAGATAA	GATA:SCL(Zf,bHLH)/Ter119-SCL-ChIP-Seq(GSE18720)/Homer	8.562296	-7.664315e+02	0	50000.8,6634.0,407.5,330.0,0.00e+00
0.193	0.433	0.190	0.184
0.322	0.085	0.374	0.219
0.047	0.251	0.450	0.251
0.035	0.842	0.120	0.003
0.047	0.001	0.001	0.951
0.001	0.001	0.989	0.009
0.032	0.357	0.348	0.263
0.219	0.199	0.327	0.254
0.140	0.249	0.404	0.208
0.196	0.272	0.313	0.219
0.175	0.287	0.345	0.193
0.208	0.336	0.269	0.187
0.310	0.193	0.295	0.202
0.117	0.433	0.368	0.082
0.675	0.015	0.006	0.304
0.001	0.001	0.997	0.001
0.997	0.001	0.001	0.001
0.001	0.041	0.001	0.957
0.981	0.001	0.003	0.015
0.675	0.044	0.225	0.056
