>AACTACAATTCCCAGAATGC	GFY-Staf(?,Zf)/Promoter/Homer	4.609527	-7.226177e+02	0	49998.0,6173.0,1028.1,575.0,1.48e-314
0.543	0.005	0.452	0.001
0.997	0.001	0.001	0.001
0.001	0.997	0.001	0.001
0.001	0.007	0.001	0.991
0.997	0.001	0.001	0.001
0.001	0.997	0.001	0.001
0.898	0.026	0.075	0.001
0.518	0.092	0.080	0.311
0.097	0.259	0.080	0.564
0.035	0.001	0.001	0.963
0.001	0.963	0.001	0.035
0.001	0.997	0.001	0.001
0.001	0.997	0.001	0.001
0.942	0.001	0.056	0.001
0.113	0.096	0.713	0.078
0.527	0.266	0.181	0.026
0.830	0.007	0.162	0.001
0.071	0.016	0.426	0.487
0.009	0.085	0.824	0.082
0.005	0.958	0.007	0.031
