>ACTACAATTCCC	GFY(?)/Promoter/Homer	9.377840	-4.499174e+02	0	149303.9,11385.0,1818.5,545.0,0.00e+00
0.770	0.102	0.068	0.060
0.043	0.874	0.047	0.036
0.078	0.124	0.048	0.751
0.659	0.158	0.113	0.070
0.064	0.852	0.049	0.035
0.778	0.110	0.074	0.038
0.630	0.117	0.122	0.132
0.075	0.176	0.121	0.628
0.039	0.095	0.073	0.792
0.041	0.844	0.043	0.073
0.026	0.918	0.027	0.029
0.052	0.875	0.026	0.048
