>GTTAATNATTAA	HNF1b(Homeobox)/PDAC-HNF1B-ChIP-Seq(GSE64557)/Homer	8.551888	-5976.596778	0	T:3516.0(18.87%),B:462.3(1.50%),P:1e-2595
0.153	0.033	0.670	0.144
0.037	0.099	0.110	0.754
0.109	0.097	0.061	0.733
0.958	0.008	0.028	0.006
0.837	0.080	0.015	0.068
0.135	0.019	0.014	0.832
0.190	0.305	0.314	0.191
0.890	0.009	0.018	0.083
0.057	0.001	0.099	0.843
0.001	0.018	0.002	0.979
0.689	0.066	0.131	0.114
0.721	0.119	0.088	0.072
