>GGTTAAACATTAAC	Hnf1(Homeobox)/Liver-Foxa2-Chip-Seq(GSE25694)/Homer	8.866137	-3.759539e+02	0	50000.0,10171.0,989.7,528.0,5.31e-164
0.262	0.035	0.478	0.224
0.142	0.061	0.681	0.117
0.050	0.043	0.033	0.874
0.072	0.054	0.071	0.802
0.899	0.029	0.037	0.035
0.860	0.083	0.011	0.045
0.540	0.053	0.007	0.400
0.150	0.503	0.184	0.163
0.766	0.004	0.014	0.215
0.030	0.002	0.065	0.903
0.028	0.051	0.026	0.895
0.828	0.040	0.045	0.088
0.889	0.053	0.043	0.015
