>TTCTAGAABNTTCTA	HRE(HSF)/Striatum-HSF1-ChIP-Seq(GSE38000)/Homer	8.234199	-4434.100444	0	T:1831.0(33.65%),B:600.9(1.37%),P:1e-1925
0.071	0.091	0.061	0.777
0.026	0.063	0.042	0.869
0.032	0.921	0.022	0.025
0.026	0.270	0.010	0.694
0.684	0.007	0.301	0.008
0.001	0.001	0.997	0.001
0.939	0.033	0.011	0.017
0.895	0.021	0.046	0.038
0.194	0.345	0.235	0.225
0.237	0.242	0.303	0.219
0.051	0.051	0.027	0.871
0.019	0.021	0.038	0.922
0.008	0.963	0.012	0.017
0.037	0.351	0.014	0.598
0.481	0.134	0.217	0.169
