>NNTTCTGGAANNTTCTAGAA	HRE(HSF)/HepG2-HSF1-ChIP-Seq(GSE31477)/Homer	8.440248	-5.688843e+02	0	50000.4,2285.0,396.1,239.0,8.64e-248
0.156	0.338	0.294	0.212
0.2	0.355	0.281	0.164
0.096	0.242	0.229	0.433
0.089	0.199	0.176	0.536
0.138	0.691	0.127	0.044
0.107	0.274	0.099	0.52
0.474	0.015	0.51	0.001
0.004	0.014	0.981	0.001
0.88	0.085	0.013	0.022
0.891	0.012	0.081	0.016
0.138	0.284	0.342	0.236
0.212	0.346	0.305	0.137
0.018	0.11	0.005	0.867
0.019	0.014	0.067	0.900
0.001	0.993	0.001	0.005
0.005	0.486	0.02	0.489
0.513	0.108	0.28	0.096
0.042	0.136	0.69	0.132
0.55	0.175	0.17	0.105
0.416	0.243	0.24	0.101
