>WNTGCTGASTCAGCANWTTY	MafB(bZIP)/BMM-Mafb-ChIP-Seq(GSE75722)/Homer	6.393618	-9221.342112	0	T:5865.0(19.72%),B:519.9(1.81%),P:1e-4004	Tpos:51.6,Tstd:17.5,Bpos:52.1,Bstd:28.6,StrandBias:-0.0,Multiplicity:1.03
0.404	0.105	0.125	0.365
0.227	0.275	0.212	0.286
0.159	0.048	0.050	0.743
0.018	0.051	0.913	0.018
0.111	0.869	0.004	0.016
0.082	0.035	0.001	0.882
0.040	0.013	0.843	0.104
0.873	0.016	0.038	0.073
0.051	0.433	0.471	0.044
0.057	0.021	0.013	0.909
0.077	0.888	0.007	0.028
0.923	0.001	0.018	0.058
0.010	0.006	0.897	0.087
0.007	0.936	0.044	0.013
0.795	0.046	0.038	0.121
0.271	0.205	0.286	0.238
0.328	0.123	0.120	0.430
0.254	0.125	0.118	0.503
0.221	0.208	0.125	0.446
0.199	0.251	0.188	0.362
