>HWWGTCAGCAWWTTT	MafF(bZIP)/HepG2-MafF-ChIP-Seq(GSE31477)/Homer	8.359018	-31028.275094	0	T:13346.0(45.96%),B:605.6(2.24%),P:1e-13475
0.297	0.314	0.108	0.282
0.367	0.162	0.206	0.264
0.393	0.137	0.174	0.296
0.195	0.201	0.529	0.075
0.008	0.004	0.003	0.985
0.108	0.880	0.001	0.011
0.987	0.001	0.004	0.008
0.006	0.002	0.835	0.157
0.001	0.990	0.004	0.005
0.831	0.008	0.047	0.114
0.362	0.137	0.151	0.350
0.416	0.022	0.026	0.536
0.343	0.028	0.004	0.625
0.261	0.133	0.023	0.583
0.196	0.202	0.111	0.491
