>GCTATTTTTGGM	Mef2b(MADS)/HEK293-Mef2b.V5-ChIP-Seq(GSE67450)/Homer	6.850716	-2174.495647	0	T:1714.0(37.59%),B:2361.9(5.30%),P:1e-944
0.151	0.136	0.437	0.276
0.037	0.757	0.061	0.145
0.006	0.116	0.001	0.877
0.885	0.001	0.037	0.077
0.187	0.001	0.001	0.811
0.163	0.043	0.025	0.769
0.043	0.106	0.006	0.845
0.313	0.161	0.056	0.470
0.180	0.089	0.174	0.557
0.394	0.001	0.593	0.012
0.074	0.062	0.703	0.161
0.306	0.346	0.176	0.172
