>GCTATTTTTAGC	Mef2d(MADS)/Retina-Mef2d-ChIP-Seq(GSE61391)/Homer	8.647240	-2894.638860	0	T:1321.0(8.78%),B:134.0(0.40%),P:1e-1257
0.100	0.056	0.521	0.323
0.045	0.727	0.077	0.151
0.001	0.049	0.001	0.949
0.949	0.001	0.022	0.028
0.078	0.001	0.011	0.910
0.122	0.011	0.011	0.856
0.074	0.055	0.022	0.849
0.281	0.084	0.001	0.634
0.108	0.055	0.071	0.766
0.637	0.001	0.351	0.011
0.112	0.011	0.688	0.189
0.192	0.612	0.117	0.079
