>DCYAAAAATAGM	Mef2c(MADS)/GM12878-Mef2c-ChIP-Seq(GSE32465)/Homer	7.874481	-4207.789561	0	T:2974.0(15.09%),B:466.3(1.60%),P:1e-1827
0.259	0.099	0.337	0.305
0.189	0.600	0.065	0.146
0.017	0.444	0.001	0.538
0.641	0.119	0.078	0.162
0.590	0.033	0.175	0.202
0.887	0.006	0.043	0.064
0.871	0.006	0.024	0.099
0.890	0.010	0.007	0.093
0.030	0.030	0.011	0.929
0.935	0.002	0.058	0.005
0.195	0.062	0.693	0.050
0.352	0.439	0.100	0.108
