>NNTGTTTATTTTGGCA	NF1:FOXA1(CTF,Forkhead)/LNCAP-FOXA1-ChIP-Seq(GSE27824)/Homer	10.273683	-1.367298e+03	0	50000.0,14301.0,949.6,809.0,0.00e+00
0.273	0.184	0.193	0.350
0.248	0.286	0.166	0.299
0.075	0.001	0.001	0.924
0.256	0.008	0.732	0.004
0.024	0.031	0.001	0.945
0.001	0.001	0.121	0.877
0.035	0.001	0.218	0.745
0.490	0.017	0.357	0.137
0.125	0.354	0.063	0.458
0.107	0.260	0.047	0.587
0.001	0.093	0.001	0.905
0.021	0.001	0.001	0.977
0.001	0.001	0.990	0.008
0.001	0.009	0.984	0.006
0.126	0.861	0.007	0.007
0.616	0.112	0.002	0.270
