>ATTTGCATAACAATG	OCT4-SOX2-TCF-NANOG(POU,Homeobox,HMG)/mES-Oct4-ChIP-Seq(GSE11431)/Homer	8.751420	-7.183775e+03	0	30001.0,11899.0,4508.4,4187.0,0.00e+00
0.768	0.081	0.045	0.106
0.023	0.012	0.003	0.962
0.029	0.102	0.014	0.856
0.190	0.008	0.007	0.795
0.162	0.089	0.728	0.022
0.085	0.908	0.001	0.005
0.974	0.010	0.001	0.015
0.081	0.020	0.004	0.894
0.537	0.103	0.186	0.174
0.624	0.056	0.012	0.308
0.127	0.595	0.177	0.101
0.935	0.018	0.010	0.038
0.925	0.015	0.031	0.030
0.398	0.012	0.038	0.551
0.222	0.053	0.644	0.081
