>GGGGGAATCCCC	NFkB-p50,p52(RHD)/Monocyte-p50-ChIP-Chip(Schreiber_et_al.)/Homer	8.671915	-1.074349e+02	0	7947.8,301.0,472.7,108.0,2.20e-47
0.138	0.091	0.682	0.089
0.073	0.035	0.840	0.053
0.058	0.001	0.918	0.023
0.042	0.001	0.956	0.001
0.099	0.044	0.856	0.001
0.818	0.030	0.151	0.001
0.683	0.055	0.160	0.102
0.155	0.034	0.090	0.721
0.001	0.803	0.093	0.103
0.021	0.956	0.001	0.021
0.001	0.962	0.001	0.036
0.054	0.902	0.033	0.011
