>AACATGCCCAGACATGCCCN	p53(p53)/Saos-p53-ChIP-Seq(GSE15780)/Homer	8.592185	-9967.933520	0	T:4803.0(12.78%),B:238.8(0.66%),P:1e-4322	Tpos:100.2,Tstd:33.3,Bpos:106.1,Bstd:69.8,StrandBias:0.0,Multiplicity:1.05
0.275	0.108	0.421	0.198
0.481	0.052	0.334	0.135
0.019	0.826	0.070	0.086
0.657	0.118	0.056	0.170
0.221	0.028	0.099	0.653
0.002	0.003	0.990	0.006
0.077	0.406	0.021	0.498
0.150	0.535	0.078	0.238
0.168	0.360	0.132	0.341
0.348	0.137	0.341	0.175
0.241	0.078	0.526	0.156
0.499	0.022	0.405	0.076
0.007	0.987	0.004	0.003
0.652	0.100	0.029	0.220
0.165	0.054	0.108	0.674
0.083	0.046	0.854	0.018
0.126	0.343	0.057	0.476
0.211	0.416	0.109	0.266
0.190	0.349	0.138	0.325
0.254	0.269	0.241	0.239
