>NNNGCATGTCCNGACATGCC	p63(p53)/Keratinocyte-p63-ChIP-Seq(GSE17611)/Homer	6.985591	-4.946037e+04	0	65270.0,32635.0,20429.1,20153.0,0.00e+00
0.264	0.260	0.222	0.254
0.312	0.205	0.298	0.185
0.293	0.105	0.339	0.262
0.415	0.032	0.440	0.113
0.002	0.992	0.003	0.004
0.747	0.126	0.037	0.089
0.325	0.013	0.174	0.487
0.004	0.002	0.992	0.002
0.092	0.378	0.009	0.520
0.156	0.485	0.090	0.269
0.168	0.372	0.152	0.308
0.308	0.216	0.311	0.165
0.310	0.077	0.434	0.178
0.497	0.008	0.410	0.085
0.001	0.997	0.001	0.001
0.526	0.178	0.012	0.283
0.108	0.039	0.126	0.728
0.006	0.004	0.988	0.002
0.107	0.465	0.029	0.400
0.253	0.380	0.083	0.283
