>GTCACGCTCNCTGA	PAX5(Paired,Homeobox),condensed/GM12878-PAX5-ChIP-Seq(GSE32465)/Homer	8.480103	-5.219521e+02	0	49999.7,3602.0,266.3,199.0,2.08e-227
0.001	0.009	0.971	0.019
0.024	0.055	0.001	0.920
0.001	0.979	0.001	0.019
0.978	0.001	0.014	0.007
0.014	0.803	0.01	0.173
0.194	0.05	0.755	0.001
0.001	0.59	0.408	0.001
0.149	0.171	0.024	0.656
0.062	0.534	0.178	0.226
0.128	0.368	0.345	0.159
0.157	0.477	0.256	0.109
0.005	0.033	0.031	0.931
0.005	0.033	0.938	0.024
0.448	0.384	0.166	0.001
