>NGTGTTCAVTSAAGCGKAAA	PAX6(Paired,Homeobox)/Forebrain-Pax6-ChIP-Seq(GSE66961)/Homer	8.860924	-2245.744650	0	T:692.0(21.98%),B:151.7(0.36%),P:1e-975
0.196	0.264	0.254	0.286
0.206	0.234	0.420	0.140
0.264	0.059	0.247	0.430
0.316	0.019	0.655	0.010
0.157	0.234	0.218	0.391
0.001	0.185	0.305	0.509
0.117	0.667	0.001	0.215
0.863	0.001	0.117	0.019
0.234	0.364	0.284	0.118
0.001	0.185	0.001	0.813
0.001	0.557	0.423	0.019
0.811	0.001	0.187	0.001
0.520	0.001	0.166	0.313
0.001	0.175	0.823	0.001
0.001	0.746	0.009	0.244
0.342	0.001	0.609	0.048
0.049	0.068	0.462	0.421
0.657	0.001	0.303	0.039
0.756	0.166	0.010	0.068
0.501	0.137	0.274	0.088
