>GTCATGCHTGRCTGS	Pax8(Paired,Homeobox)/Thyroid-Pax8-ChIP-Seq(GSE26938)/Homer	8.210973	-832.658617	0	T:1108.0(8.47%),B:684.3(1.90%),P:1e-361	Tpos:50.3,Tstd:21.9,Bpos:50.6,Bstd:30.7,StrandBias:0.0,Multiplicity:1.04
0.045	0.107	0.610	0.238
0.092	0.281	0.144	0.483
0.001	0.857	0.020	0.122
0.662	0.199	0.026	0.113
0.083	0.314	0.109	0.494
0.108	0.019	0.872	0.001
0.001	0.676	0.322	0.001
0.291	0.343	0.054	0.313
0.049	0.027	0.001	0.923
0.001	0.240	0.758	0.001
0.415	0.171	0.412	0.001
0.082	0.704	0.177	0.037
0.054	0.001	0.001	0.944
0.003	0.001	0.929	0.067
0.275	0.436	0.288	0.001
