>YTAATTRAWWCCAGATGT	Pitx1:Ebox(Homeobox,bHLH)/Hindlimb-Pitx1-ChIP-Seq(GSE41591)/Homer	8.904107	-1061.672836	0	T:871.0(6.37%),B:283.0(0.81%),P:1e-461
0.221	0.252	0.147	0.380
0.318	0.070	0.097	0.515
0.694	0.043	0.178	0.085
0.995	0.003	0.001	0.001
0.147	0.155	0.097	0.601
0.182	0.163	0.178	0.477
0.411	0.178	0.287	0.124
0.396	0.182	0.194	0.229
0.477	0.101	0.078	0.345
0.442	0.113	0.074	0.372
0.306	0.473	0.116	0.104
0.011	0.987	0.001	0.001
0.983	0.001	0.001	0.015
0.039	0.201	0.539	0.221
0.589	0.283	0.116	0.012
0.030	0.001	0.001	0.968
0.019	0.019	0.795	0.167
0.093	0.182	0.244	0.481
