>TGACCTTTGCCCCA	PPARE(NR),DR1/3T3L1-Pparg-ChIP-Seq(GSE13511)/Homer	6.968824	-3.087186e+03	0	50000.0,6530.0,7756.8,3908.0,0.00e+00
0.084	0.043	0.060	0.813
0.092	0.128	0.718	0.062
0.610	0.245	0.106	0.039
0.109	0.847	0.009	0.035
0.026	0.916	0.001	0.057
0.006	0.112	0.002	0.880
0.027	0.267	0.038	0.668
0.014	0.015	0.020	0.952
0.070	0.165	0.690	0.075
0.233	0.495	0.135	0.137
0.027	0.827	0.017	0.129
0.108	0.788	0.002	0.102
0.069	0.598	0.016	0.317
0.654	0.129	0.100	0.117
