>VAGRACAKNCTGTBC	PR(NR)/T47D-PR-ChIP-Seq(GSE31130)/Homer	5.627344	-9500.983996	0	T:11532.0(52.73%),B:3490.4(13.46%),P:1e-4126
0.308	0.337	0.188	0.167
0.522	0.002	0.274	0.202
0.141	0.008	0.800	0.051
0.395	0.189	0.249	0.167
0.785	0.049	0.086	0.080
0.046	0.730	0.129	0.095
0.569	0.048	0.150	0.233
0.155	0.182	0.339	0.324
0.293	0.206	0.186	0.315
0.204	0.482	0.147	0.167
0.245	0.035	0.001	0.719
0.019	0.109	0.838	0.034
0.090	0.084	0.070	0.756
0.176	0.253	0.211	0.360
0.113	0.624	0.025	0.238
