>ACTTTCACTTTC	PRDM1(Zf)/Hela-PRDM1-ChIP-Seq(GSE31477)/Homer	7.912770	-4410.515672	0	T:2470.0(42.43%),B:1514.7(3.54%),P:1e-1915	Tpos:51.9,Tstd:20.0,Bpos:50.3,Bstd:30.8,StrandBias:0.1,Multiplicity:1.11
0.700	0.111	0.133	0.056
0.109	0.787	0.053	0.051
0.072	0.026	0.003	0.899
0.007	0.082	0.031	0.880
0.014	0.002	0.014	0.970
0.008	0.941	0.002	0.049
0.535	0.151	0.064	0.250
0.035	0.873	0.027	0.065
0.022	0.152	0.001	0.825
0.112	0.126	0.184	0.578
0.208	0.160	0.135	0.496
0.145	0.435	0.163	0.257
