>ADGGYAGYAGCATCT	PRDM9(Zf)/Testis-DMC1-ChIP-Seq(GSE35498)/Homer	8.023552	-7642.824549	0	T:5467.0(53.74%),B:2907.0(7.31%),P:1e-3319
0.467	0.120	0.253	0.160
0.314	0.088	0.226	0.373
0.218	0.005	0.676	0.101
0.308	0.047	0.605	0.040
0.082	0.455	0.015	0.449
0.792	0.001	0.189	0.018
0.100	0.023	0.868	0.009
0.041	0.502	0.007	0.450
0.890	0.003	0.094	0.013
0.112	0.138	0.533	0.217
0.001	0.996	0.001	0.002
0.577	0.045	0.001	0.377
0.034	0.218	0.260	0.488
0.004	0.979	0.006	0.011
0.330	0.125	0.003	0.542
