>GGGRAARRGRMCAGMTG	RBPJ:Ebox(?,bHLH)/Panc1-Rbpj1-ChIP-Seq(GSE47459)/Homer	8.852788	-1463.205375	0	T:938.0(21.17%),B:809.0(1.99%),P:1e-635	Tpos:51.7,Tstd:23.4,Bpos:48.0,Bstd:32.5,StrandBias:0.3,Multiplicity:1.02
0.092	0.005	0.567	0.336
0.001	0.002	0.934	0.063
0.125	0.001	0.839	0.035
0.551	0.031	0.409	0.009
0.900	0.019	0.080	0.001
0.596	0.137	0.203	0.064
0.378	0.210	0.326	0.085
0.345	0.184	0.355	0.116
0.248	0.170	0.414	0.168
0.272	0.232	0.404	0.092
0.303	0.442	0.253	0.002
0.075	0.922	0.002	0.001
0.926	0.001	0.001	0.072
0.019	0.085	0.624	0.272
0.423	0.420	0.156	0.001
0.165	0.001	0.021	0.813
0.001	0.019	0.926	0.054
