>GTAGGTCACTGGGTCA	Reverb(NR),DR2/RAW-Reverba.biotin-ChIP-Seq(GSE45914)/Homer	8.709195	-4.586519e+02	0	49999.9,2934.0,795.2,323.0,6.46e-200
0.102	0.300	0.464	0.135
0.105	0.155	0.139	0.600
0.540	0.011	0.429	0.021
0.094	0.007	0.841	0.057
0.012	0.025	0.933	0.029
0.022	0.029	0.136	0.814
0.032	0.927	0.012	0.029
0.936	0.011	0.004	0.049
0.012	0.511	0.404	0.073
0.056	0.063	0.071	0.811
0.231	0.004	0.761	0.004
0.086	0.001	0.759	0.155
0.025	0.040	0.932	0.003
0.147	0.102	0.144	0.607
0.011	0.895	0.052	0.042
0.865	0.033	0.035	0.066
