>GGTTGCCATGGCAA	Rfx1(HTH)/NPC-H3K4me1-ChIP-Seq(GSE16256)/Homer	8.058432	-4.056616e+03	0	49998.8,17909.0,4678.5,3805.0,0.00e+00
0.139	0.180	0.397	0.284
0.023	0.004	0.971	0.001
0.005	0.085	0.022	0.889
0.048	0.191	0.025	0.735
0.107	0.075	0.670	0.148
0.001	0.930	0.006	0.063
0.001	0.893	0.001	0.105
0.827	0.070	0.031	0.072
0.081	0.036	0.080	0.803
0.093	0.001	0.905	0.001
0.066	0.007	0.925	0.002
0.163	0.599	0.095	0.143
0.672	0.025	0.257	0.046
0.844	0.047	0.098	0.011
