>GTTGCCATGGCAACM	Rfx2(HTH)/LoVo-RFX2-ChIP-Seq(GSE49402)/Homer	8.147021	-4299.687389	0	T:1447.0(28.66%),B:278.5(0.65%),P:1e-1867
0.049	0.003	0.942	0.006
0.005	0.041	0.019	0.935
0.037	0.202	0.011	0.750
0.125	0.062	0.654	0.159
0.001	0.916	0.004	0.079
0.001	0.884	0.001	0.114
0.810	0.075	0.052	0.063
0.066	0.055	0.071	0.808
0.119	0.001	0.879	0.001
0.083	0.003	0.912	0.002
0.156	0.649	0.063	0.132
0.743	0.010	0.204	0.043
0.933	0.021	0.041	0.005
0.005	0.943	0.004	0.048
0.254	0.387	0.234	0.125
