>CGGTTGCCATGGCAAC	RFX(HTH)/K562-RFX3-ChIP-Seq(SRA012198)/Homer	8.570807	-5.041186e+03	0	49999.6,1625.0,1852.4,1701.0,0.00e+00
0.090	0.564	0.152	0.194
0.133	0.217	0.437	0.213
0.034	0.004	0.951	0.011
0.012	0.035	0.028	0.924
0.052	0.172	0.018	0.758
0.123	0.062	0.693	0.122
0.003	0.905	0.005	0.087
0.001	0.874	0.002	0.123
0.790	0.076	0.050	0.084
0.084	0.050	0.085	0.782
0.107	0.002	0.891	0.001
0.089	0.005	0.901	0.004
0.119	0.693	0.061	0.127
0.738	0.018	0.190	0.054
0.916	0.025	0.044	0.015
0.011	0.940	0.006	0.043
