>RACTACAACTCCCAGVAKGC	Ronin(THAP)/ES-Thap11-ChIP-Seq(GSE51522)/Homer	9.954233	-2138.645576	0	T:715.0(20.69%),B:187.2(0.44%),P:1e-928
0.426	0.071	0.475	0.028
0.997	0.001	0.001	0.001
0.001	0.997	0.001	0.001
0.001	0.031	0.001	0.967
0.971	0.001	0.001	0.027
0.001	0.997	0.001	0.001
0.859	0.014	0.113	0.014
0.627	0.043	0.071	0.259
0.100	0.471	0.156	0.274
0.085	0.057	0.014	0.844
0.001	0.971	0.001	0.027
0.001	0.997	0.001	0.001
0.001	0.985	0.001	0.013
0.783	0.001	0.215	0.001
0.071	0.131	0.642	0.156
0.372	0.330	0.241	0.057
0.745	0.057	0.184	0.014
0.113	0.057	0.457	0.373
0.014	0.198	0.629	0.159
0.042	0.915	0.001	0.042
