>TAGGGCAAAGGTCA	RXR(NR),DR1/3T3L1-RXR-ChIP-Seq(GSE13511)/Homer	6.641182	-2.545959e+03	0	49998.4,7850.0,8696.3,4154.0,0.00e+00
0.107	0.233	0.178	0.482
0.580	0.027	0.320	0.073
0.089	0.005	0.845	0.061
0.122	0.012	0.851	0.015
0.109	0.130	0.598	0.164
0.064	0.740	0.159	0.037
0.950	0.023	0.015	0.012
0.635	0.044	0.298	0.022
0.876	0.003	0.101	0.020
0.036	0.003	0.944	0.017
0.026	0.008	0.893	0.074
0.031	0.134	0.244	0.591
0.060	0.761	0.111	0.068
0.870	0.043	0.048	0.039
