>CCTTTTATAGCC	TATA-Box(TBP)/Promoter/Homer	5.682591	-3.995489e+02	0	124715.9,9565.0,11407.0,1769.0,0.00e+00
0.025	0.606	0.283	0.086
0.006	0.850	0.004	0.140
0.091	0.125	0.001	0.783
0.001	0.048	0.001	0.950
0.297	0.001	0.001	0.701
0.234	0.001	0.001	0.764
0.964	0.034	0.001	0.001
0.351	0.001	0.172	0.476
0.704	0.009	0.285	0.001
0.042	0.200	0.716	0.042
0.178	0.355	0.328	0.138
0.117	0.510	0.304	0.069
