>GTCACGTGACYV	TFE3(bHLH)/MEF-TFE3-ChIP-Seq(GSE75757)/Homer	8.322675	-3460.509843	0	T:938.0(62.91%),B:368.1(0.88%),P:1e-1502	Tpos:51.1,Tstd:22.1,Bpos:47.9,Bstd:40.5,StrandBias:-0.0,Multiplicity:1.10
0.361	0.055	0.571	0.013
0.020	0.080	0.024	0.876
0.001	0.984	0.011	0.004
0.964	0.011	0.012	0.013
0.004	0.851	0.010	0.135
0.169	0.010	0.814	0.007
0.010	0.010	0.011	0.969
0.004	0.015	0.976	0.005
0.889	0.038	0.055	0.018
0.017	0.581	0.064	0.338
0.197	0.353	0.118	0.332
0.285	0.341	0.206	0.168
