>GGTTGCCATGGCAA	X-box(HTH)/NPC-H3K4me1-ChIP-Seq(GSE16256)/Homer	9.021106	-2.712771e+03	0	82384.0,41192.0,8738.9,6587.0,0.00e+00
0.170	0.071	0.470	0.290
0.036	0.018	0.921	0.025
0.009	0.051	0.016	0.924
0.055	0.057	0.023	0.865
0.139	0.057	0.591	0.213
0.005	0.863	0.025	0.108
0.007	0.869	0.001	0.123
0.871	0.053	0.011	0.066
0.073	0.012	0.063	0.852
0.120	0.001	0.875	0.003
0.096	0.027	0.873	0.004
0.219	0.541	0.076	0.164
0.789	0.024	0.126	0.061
0.892	0.031	0.054	0.023
