>NGNTCTAGAACCNGV	ZBTB12(Zf)/HEK293-ZBTB12.GFP-ChIP-Seq(GSE58341)/Homer	7.365745	-1662.918214	0	T:929.0(31.85%),B:1109.2(2.48%),P:1e-722	Tpos:51.5,Tstd:22.1,Bpos:48.8,Bstd:32.3,StrandBias:0.0,Multiplicity:1.14
0.307	0.184	0.298	0.210
0.252	0.139	0.518	0.091
0.308	0.223	0.201	0.269
0.052	0.201	0.078	0.669
0.010	0.938	0.026	0.026
0.042	0.129	0.036	0.793
0.793	0.013	0.181	0.013
0.016	0.003	0.978	0.003
0.867	0.052	0.045	0.036
0.699	0.068	0.123	0.110
0.032	0.894	0.032	0.042
0.191	0.563	0.065	0.181
0.259	0.301	0.178	0.262
0.172	0.181	0.437	0.210
0.333	0.240	0.301	0.126
