>GGGTTTTGAAGGATGARTAGGAGTT	ZFP3(Zf)/HEK293-ZFP3.GFP-ChIP-Seq(GSE58341)/Homer	6.716563	-1321.062264	0	T:173.0(20.55%),B:2.2(0.00%),P:1e-573	Tpos:50.6,Tstd:16.3,Bpos:21.0,Bstd:0.0,StrandBias:0.3,Multiplicity:1.00
0.041	0.001	0.957	0.001
0.082	0.001	0.916	0.001
0.001	0.001	0.958	0.040
0.001	0.290	0.001	0.708
0.124	0.166	0.083	0.627
0.001	0.207	0.001	0.791
0.001	0.001	0.040	0.958
0.040	0.001	0.958	0.001
0.585	0.249	0.001	0.165
0.625	0.001	0.333	0.041
0.001	0.001	0.997	0.001
0.084	0.082	0.833	0.001
0.627	0.001	0.249	0.123
0.001	0.001	0.001	0.997
0.083	0.001	0.915	0.001
0.622	0.168	0.041	0.169
0.541	0.001	0.457	0.001
0.001	0.001	0.001	0.997
0.997	0.001	0.001	0.001
0.082	0.001	0.916	0.001
0.001	0.001	0.997	0.001
0.997	0.001	0.001	0.001
0.001	0.001	0.997	0.001
0.001	0.082	0.001	0.916
0.001	0.001	0.001	0.997
