>GGCCYCCTGCTGDGH	Zic3(Zf)/mES-Zic3-ChIP-Seq(GSE37889)/Homer	7.884651	-9781.813824	0	T:8311.0(36.12%),B:1471.2(5.58%),P:1e-4248
0.179	0.173	0.441	0.207
0.208	0.215	0.511	0.066
0.170	0.494	0.178	0.158
0.133	0.552	0.110	0.205
0.150	0.436	0.074	0.340
0.001	0.995	0.003	0.001
0.089	0.894	0.001	0.016
0.133	0.235	0.002	0.630
0.064	0.010	0.925	0.001
0.001	0.949	0.048	0.002
0.145	0.020	0.061	0.774
0.001	0.003	0.995	0.001
0.238	0.123	0.287	0.351
0.001	0.087	0.815	0.097
0.275	0.356	0.135	0.233
