>YTKGATAHAGTATTCTWGGTNGGCA	ZNF136(Zf)/HEK293-ZNF136.GFP-ChIP-Seq(GSE58341)/Homer	9.096398	-2883.172098	0	T:783.0(16.91%),B:75.0(0.18%),P:1e-1252	Tpos:51.9,Tstd:15.8,Bpos:53.2,Bstd:28.0,StrandBias:0.1,Multiplicity:1.01
0.185	0.412	0.129	0.274
0.177	0.105	0.097	0.621
0.081	0.097	0.476	0.347
0.178	0.129	0.548	0.145
0.517	0.016	0.346	0.121
0.064	0.347	0.081	0.508
0.509	0.145	0.040	0.306
0.380	0.250	0.016	0.355
0.823	0.001	0.096	0.080
0.161	0.129	0.654	0.056
0.146	0.129	0.121	0.604
0.815	0.105	0.056	0.024
0.024	0.048	0.049	0.879
0.024	0.097	0.185	0.694
0.065	0.612	0.008	0.315
0.137	0.194	0.121	0.548
0.266	0.210	0.113	0.411
0.282	0.001	0.524	0.193
0.024	0.032	0.936	0.008
0.097	0.210	0.016	0.677
0.242	0.201	0.347	0.210
0.178	0.040	0.468	0.314
0.186	0.145	0.500	0.169
0.202	0.588	0.049	0.161
0.782	0.073	0.081	0.064
