>MACCTTCYATGGCTCCCTAKTGCCY	ZNF16(Zf)/HEK293-ZNF16.GFP-ChIP-Seq(GSE58341)/Homer	9.556904	-719.791766	0	T:137.0(28.42%),B:32.5(0.07%),P:1e-312	Tpos:49.5,Tstd:21.4,Bpos:57.7,Bstd:25.2,StrandBias:-0.2,Multiplicity:1.01
0.519	0.377	0.069	0.035
0.758	0.104	0.103	0.035
0.001	0.826	0.035	0.138
0.001	0.930	0.001	0.068
0.172	0.241	0.001	0.586
0.069	0.035	0.241	0.655
0.001	0.965	0.033	0.001
0.207	0.414	0.001	0.378
0.792	0.035	0.138	0.035
0.001	0.001	0.001	0.997
0.069	0.001	0.896	0.034
0.067	0.001	0.931	0.001
0.001	0.997	0.001	0.001
0.001	0.001	0.001	0.997
0.001	0.997	0.001	0.001
0.001	0.997	0.001	0.001
0.001	0.997	0.001	0.001
0.068	0.347	0.034	0.551
0.896	0.034	0.035	0.035
0.001	0.139	0.380	0.480
0.001	0.205	0.069	0.725
0.104	0.103	0.690	0.103
0.034	0.897	0.001	0.068
0.068	0.760	0.001	0.171
0.069	0.484	0.068	0.378
