>GNCTGTASTRNTGBCTCHTT	ZNF382(Zf)/HEK293-ZNF382.GFP-ChIP-Seq(GSE58341)/Homer	10.574345	-2093.720365	0	T:405.0(11.08%),B:11.5(0.03%),P:1e-909	Tpos:51.4,Tstd:19.8,Bpos:37.5,Bstd:27.7,StrandBias:0.2,Multiplicity:1.00
0.247	0.065	0.463	0.226
0.236	0.290	0.172	0.302
0.065	0.688	0.054	0.193
0.032	0.150	0.236	0.582
0.032	0.118	0.818	0.032
0.001	0.020	0.001	0.978
0.506	0.022	0.290	0.182
0.043	0.355	0.484	0.118
0.022	0.011	0.021	0.946
0.398	0.021	0.441	0.140
0.258	0.269	0.215	0.258
0.043	0.065	0.022	0.870
0.118	0.011	0.548	0.323
0.065	0.301	0.365	0.270
0.129	0.784	0.001	0.086
0.054	0.161	0.021	0.764
0.043	0.796	0.043	0.118
0.333	0.280	0.054	0.333
0.129	0.226	0.140	0.505
0.193	0.150	0.183	0.473
