>GAGCCTGGTACTGWGCCTGR	ZNF322(Zf)/HEK293-ZNF322.GFP-ChIP-Seq(GSE58341)/Homer	8.919087	-17024.806920	0	T:9430.0(21.81%),B:656.5(1.57%),P:1e-7393	Tpos:53.0,Tstd:18.3,Bpos:51.4,Bstd:29.1,StrandBias:0.1,Multiplicity:1.04
0.151	0.157	0.584	0.108
0.425	0.097	0.242	0.235
0.128	0.121	0.592	0.159
0.181	0.558	0.077	0.184
0.070	0.901	0.001	0.028
0.249	0.150	0.017	0.584
0.230	0.116	0.540	0.114
0.182	0.226	0.421	0.171
0.096	0.250	0.145	0.509
0.479	0.272	0.086	0.163
0.019	0.946	0.005	0.030
0.340	0.109	0.036	0.515
0.041	0.358	0.573	0.028
0.461	0.067	0.087	0.385
0.086	0.032	0.829	0.053
0.057	0.799	0.051	0.093
0.026	0.929	0.001	0.044
0.198	0.027	0.031	0.744
0.019	0.064	0.792	0.125
0.311	0.159	0.384	0.145
