>CCTCATGGTGYCYTWYTCCCTTGTG	ZNF41(Zf)/HEK293-ZNF41.GFP-ChIP-Seq(GSE58341)/Homer	10.736381	-826.166277	0	T:163.0(27.96%),B:37.7(0.08%),P:1e-358	Tpos:52.4,Tstd:17.1,Bpos:48.9,Bstd:24.4,StrandBias:0.1,Multiplicity:1.01
0.166	0.460	0.250	0.124
0.084	0.748	0.042	0.126
0.042	0.248	0.042	0.668
0.208	0.460	0.167	0.165
0.831	0.043	0.042	0.084
0.001	0.289	0.001	0.709
0.042	0.001	0.624	0.333
0.001	0.001	0.997	0.001
0.001	0.001	0.001	0.997
0.207	0.168	0.542	0.083
0.083	0.418	0.166	0.334
0.041	0.582	0.001	0.376
0.206	0.332	0.085	0.376
0.124	0.210	0.126	0.540
0.499	0.084	0.043	0.374
0.041	0.501	0.043	0.415
0.001	0.040	0.001	0.958
0.001	0.747	0.001	0.251
0.124	0.710	0.041	0.125
0.001	0.832	0.084	0.083
0.001	0.375	0.001	0.623
0.124	0.208	0.083	0.585
0.084	0.001	0.749	0.166
0.083	0.084	0.166	0.667
0.083	0.208	0.541	0.168
