>AGAAATGACTTCCCT	ZNF528(Zf)/HEK293-ZNF528.GFP-ChIP-Seq(GSE58341)/Homer	12.860348	-7310.412825	0	T:1324.0(4.69%),B:2.8(0.01%),P:1e-3174	Tpos:51.4,Tstd:21.3,Bpos:64.8,Bstd:13.5,StrandBias:0.1,Multiplicity:1.00
0.785	0.001	0.182	0.032
0.124	0.005	0.854	0.017
0.692	0.270	0.027	0.011
0.940	0.001	0.058	0.001
0.728	0.058	0.170	0.044
0.001	0.015	0.001	0.983
0.016	0.001	0.880	0.103
0.470	0.159	0.224	0.147
0.001	0.988	0.001	0.010
0.027	0.153	0.011	0.809
0.005	0.005	0.005	0.985
0.001	0.885	0.005	0.109
0.027	0.752	0.001	0.220
0.191	0.473	0.064	0.272
0.199	0.241	0.103	0.457
