>SMCAGTCWGAKGGAGGAGGC	ZSCAN22(Zf)/HEK293-ZSCAN22.GFP-ChIP-Seq(GSE58341)/Homer	10.156824	-5015.154647	0	T:2072.0(9.67%),B:96.6(0.35%),P:1e-2178	Tpos:52.2,Tstd:20.2,Bpos:47.9,Bstd:24.6,StrandBias:-0.0,Multiplicity:1.05
0.092	0.351	0.370	0.187
0.302	0.419	0.143	0.135
0.183	0.395	0.219	0.204
0.574	0.032	0.215	0.179
0.167	0.032	0.785	0.016
0.175	0.211	0.080	0.534
0.016	0.908	0.028	0.048
0.418	0.036	0.040	0.506
0.063	0.004	0.932	0.001
0.979	0.008	0.012	0.001
0.072	0.016	0.494	0.419
0.066	0.001	0.932	0.001
0.036	0.004	0.956	0.004
0.561	0.108	0.148	0.183
0.182	0.001	0.816	0.001
0.003	0.001	0.995	0.001
0.908	0.024	0.036	0.032
0.028	0.001	0.967	0.004
0.119	0.012	0.853	0.016
0.103	0.662	0.120	0.115
